.Random.seed <-
c(10403L, 10L, 2078521304L, 1926408507L, 582541017L, 1998631528L, 
161928086L, -1454950639L, 529813699L, 762884306L, -1939327644L, 
-662001497L, 1330142717L, 1065181172L, 1281624282L, 1489652261L, 
-549451969L, 1311024326L, -2033051312L, 2075109747L, 538809233L, 
-601594432L, 229613470L, -1756315287L, -1984040549L, 1007690922L, 
-1201143092L, 1447644047L, 1320628165L, -967552132L, -1628206126L, 
-121427123L, -1493878265L, 1799252462L, 601801928L, -2046243893L, 
-756310487L, 205706360L, 2103021990L, 733557697L, -85401517L, 
-2141550846L, -1637567948L, -16652361L, 748492717L, -661535548L, 
973162730L, -258027691L, -1407975185L, 994854646L, -156265952L, 
-487868445L, 1555315841L, 366279408L, -931098226L, -931840263L, 
-1910690677L, 1262884026L, -1387032644L, -39039745L, 1288159317L, 
417043308L, -584987710L, -400098275L, -2042913641L, -323454466L, 
-1802167880L, 531633563L, 704707577L, 784163656L, 946417270L, 
-515151951L, 2127935971L, -866038094L, -563109116L, -331071417L, 
72222493L, 1494695316L, -600866502L, -1320731259L, 641750623L, 
1424965862L, 239010672L, 1606247571L, -1450196687L, -748451872L, 
-1705743234L, 482287369L, -1018969797L, -1453398774L, -1490125588L, 
-327448209L, 524258981L, -1320632228L, 1086560306L, -1370362067L, 
2144427495L, -453287666L, 259114728L, -1287730965L, 755042697L, 
-1039681256L, 1730325574L, -394791775L, -403449037L, 396485282L, 
901847444L, -1436940265L, 1424797709L, 1350104356L, -668397302L, 
1144129653L, 373916623L, -2096270122L, 1974363264L, -243213629L, 
535733345L, -1937685296L, 764311086L, 299542489L, -1970796565L, 
-880869798L, -1894164452L, -1173502689L, -337402507L, 1012282380L, 
412390882L, 591701693L, -1125883593L, 1677338078L, -1054672104L, 
-1506807173L, -197869543L, -428836696L, -889701802L, 64202449L, 
-230545789L, -1394246382L, -1726355292L, 1455868007L, 169699773L, 
-726785228L, 4024474L, -1634586907L, -1839298433L, 1339834886L, 
-81924720L, 1434578995L, -521642031L, -777685632L, -527820706L, 
-2037581911L, -819433893L, 547418730L, 982040332L, 1386281295L, 
-1898905083L, -465481540L, 352262546L, -488893811L, 25845959L, 
-928303698L, 1099120648L, 173306891L, -644542231L, -291205192L, 
2081581158L, 1500125441L, -1692799085L, -1821450174L, -931125260L, 
-650710537L, 435893741L, -710019452L, -2010806102L, 492688917L, 
-589272401L, 1155678390L, -151757088L, -1486306781L, 957558081L, 
1639444528L, -715339186L, 223997625L, -2001495349L, -221447302L, 
1578650236L, -131555649L, -452933739L, 1330552748L, -498803326L, 
-1616616611L, 1255747159L, -1947472578L, 1263164792L, -190034341L, 
-155014727L, -647275512L, -387914058L, -889702927L, -872297437L, 
1822901362L, -532146492L, 603418759L, -1725508515L, 86547028L, 
-1998794630L, -700763195L, -1881922273L, -123804506L, -1352092112L, 
-294818605L, 636633841L, 753701408L, -1036970818L, -434265911L, 
1350623867L, 914942026L, -265529172L, -1709244497L, -413914267L, 
815857948L, 1226271090L, -709133843L, -140063193L, -1933107634L, 
1694728872L, 1009909931L, 1672235465L, 1049872844L, -464133152L, 
582561474L, -1527667160L, 1810022060L, 668921532L, 1957335538L, 
-432983760L, -761644892L, 566614712L, 240346970L, -1726308976L, 
732556668L, -67983084L, -5974718L, -1622805760L, -2106473540L, 
-957918384L, 1985662242L, 277100872L, 355642380L, 1800062044L, 
-1868634926L, -613592064L, -2014406828L, -961054232L, 259367930L, 
158622416L, -1870295764L, 941090036L, -1048214638L, -93260704L, 
1041115404L, 1965368032L, -310022814L, -197867864L, 1609277004L, 
-771873924L, -928903374L, 1524148848L, -473226940L, 1166841816L, 
1359598714L, 1618004528L, 1057076924L, 614102868L, -69147070L, 
-406554720L, -2035637060L, 1433248208L, 823529826L, -104198168L, 
-492301364L, 36841212L, -1523915790L, -755110784L, -562493196L, 
1301282952L, 1613537594L, -1945269424L, -1880784788L, 999832724L, 
-1910946478L, 386706144L, -784651060L, -1676471136L, 795506050L, 
-104954648L, 309273836L, 1203345468L, 1042189426L, 2137701488L, 
-814001628L, 1517241912L, 36823578L, -1743958832L, -1604653508L, 
670873748L, 1145848962L, -23419968L, 1655073084L, -314691952L, 
-599895006L, 1387421704L, -1662761844L, -207569892L, -754622318L, 
809000064L, -792581100L, 1814189864L, 139739194L, 1630664912L, 
485126252L, 568362676L, 1140018194L, 164955104L, 42308556L, 2718176L, 
1656866850L, 1943325992L, 1120858380L, 1295135292L, -927446798L, 
-2022814480L, 2052013892L, 1624185944L, 1338256954L, -1531561744L, 
-511826244L, -849649132L, 662688962L, 1543084640L, 870453628L, 
1270623440L, 1085222946L, 1707594920L, 728650124L, -1007230532L, 
-917271502L, 1521766208L, -802248012L, 717401416L, -1200851270L, 
-1360815344L, 2017872108L, -512840620L, -2070019310L, -371987040L, 
-1129465908L, 542903136L, -1240904510L, 1194533416L, -1863762516L, 
-1612840132L, -1374015630L, 18874160L, -1130439644L, -1868434888L, 
1791461082L, 1363567504L, 2096050428L, 1019832724L, -1356776638L, 
-129150464L, -2078821316L, -1760900528L, -503941982L, 276653896L, 
-1175558644L, 1907431132L, -928325550L, -1956417408L, 183620436L, 
-474188824L, -680365318L, 2027196240L, 2014588972L, 1761194356L, 
968731282L, 1978389088L, 1357405324L, -1394586272L, -1086725918L, 
119273640L, 473064140L, -1530952196L, -1218086990L, 1103507440L, 
-1108591164L, 1596664152L, 2065296762L, 1100701104L, -701015620L, 
-1634669996L, -1743499838L, -1726223584L, -1203024964L, 638956624L, 
553678818L, -1526490264L, -1749686452L, -1923777796L, -361483534L, 
1315033344L, 1996813428L, 2123545096L, -487431750L, -1012377136L, 
-2133191700L, 1589131156L, 918512850L, 1221865568L, 2000263500L, 
1618624288L, -635944318L, 1947775464L, -1893366804L, 392248892L, 
-968560014L, -1908279440L, -136265436L, -1477116360L, -878015078L, 
-929442352L, -2103938628L, 1505827476L, -1001679230L, 2131270080L, 
-1942085828L, 727918224L, 589259554L, -846533112L, -1674893556L, 
475561884L, 867579922L, -101883008L, -861815020L, 419997992L, 
-979544006L, -534411312L, 856597100L, 1839588404L, -71881582L, 
1615140192L, 1117176140L, -1343798816L, 1228879778L, -194391108L, 
-1829176342L, -1854972897L, -2100536663L, -1289957826L, 1031242540L, 
-1938870915L, -518896697L, 2090996400L, 1700139214L, -1588803077L, 
-1030436259L, -778050166L, -1689272920L, 10437393L, -1993182717L, 
1262159108L, -1656438478L, -308326521L, 215490001L, -1006366890L, 
1064447284L, 927163461L, -1893823345L, 95717896L, -952146394L, 
-720240941L, 1026748469L, 223575954L, 162299744L, 758852297L, 
-506307077L, -360764980L, 497418330L, 135109967L, -2100947943L, 
-1590322642L, -1826097092L, 578579885L, 657231447L, 482246560L, 
597744894L, -1804697653L, 616356301L, -295314182L, 71577400L, 
1444814049L, -1833300077L, 1697760180L, 391964866L, -1558065961L, 
-569800415L, 2006221030L, 1304159716L, 1332945173L, -1077921473L, 
862741720L, 277204214L, -1955514621L, -1004679099L, 841166946L, 
340457424L, 1551027449L, 920176171L, 90173852L, -1293905462L, 
-1974406465L, -2125380599L, -1899072226L, 1293924556L, -1330467683L, 
1696649511L, 336468816L, 1146447342L, -686832997L, -2056674051L, 
681012202L, 341494920L, -1727491535L, -967531357L, -1055905628L, 
-2091812526L, 727106727L, 910909681L, 1149737014L, -263403308L, 
1359117413L, 323696239L, 1661163688L, 1791788550L, -296343757L, 
1095418773L, -99141646L, 220615744L, -602231383L, 1294058523L, 
-1247034900L, 293812730L, -1317413329L, 487852601L, -1706425266L, 
793250972L, 503496205L, -501480841L, -95735168L, 1361463518L, 
-1285168213L, -439161683L, 1754616090L, -765852200L, -263840191L, 
1087091955L, -386571500L, 414552738L, -1572025417L, 1548699521L, 
-1499918970L, -12967996L, 1204871925L, 1238685535L, 219445688L, 
1711112342L, 967755427L, -1301239707L, -272835198L, -923984144L, 
2092618393L, -1692641653L, 1570772860L, 235887018L, 162951647L, 
1740818281L, 1182297982L, -283363476L, 1802070973L, 1336424583L, 
1133532272L, -1396429042L, -1798515653L, 1133624093L, -2138893878L, 
571628264L, 1015549393L, -985940029L, 755845316L, -1348028558L, 
1499605575L, 8608273L, 1659597718L, 1244034804L, 434133125L, 
